&NOISEBX
 NSEB_TIM=  1.0000000000000000     ,
 NSEB_AMP=  0.0000100000000000     ,
 NSEB_BMIN=  -10.0000000000000000     ,  -5.0000000000000000     ,  0.0000000000000000     ,
 NSEB_BMAX=  -5.00000000000000000     ,   5.0000000000000000     ,  5.0000000000000000     ,
 /
